100883954|Vector3D(2674.9765625, 162.3730926513672, 2889.439697265625)|Vector3D(22523.96484375, -37.821102142333984, 2914.693603515625)|Vector3D(16937.94140625, 40883.375, 543.9301147460938)|Vector3D(-2911.04736328125, 41083.5703125, 518.676025390625)
100883867|Vector3D(-992.5741577148438, 527.5579223632813, 4934.87353515625)|Vector3D(17895.412109375, -1129.8218994140625, 5043.75048828125)|Vector3D(15338.888671875, 39642.62890625, 2683.677734375)|Vector3D(-3549.096923828125, 41300.0078125, 2574.80078125)
100884129|Vector3D(-40.36955642700195, 348.38665771484375, 4077.388916015625)|Vector3D(19042.099609375, -816.0436401367188, 4157.88720703125)|Vector3D(15435.30078125, 40034.69140625, 1792.562744140625)|Vector3D(-3647.169677734375, 41199.1171875, 1712.064697265625)
100884125|Vector3D(223.4446258544922, 562.9136962890625, 3860.808349609375)|Vector3D(18663.76171875, -1088.2615966796875, 3969.017822265625)|Vector3D(16176.9072265625, 39694.8828125, 1608.37451171875)|Vector3D(-2263.410400390625, 41346.05859375, 1500.1649169921875)
100884070|Vector3D(1888.562255859375, 341.64093017578125, 3491.590576171875)|Vector3D(21689.6953125, -561.7930908203125, 3557.487548828125)|Vector3D(17528.501953125, 39861.05078125, 1216.53076171875)|Vector3D(-2272.62939453125, 40764.484375, 1150.6337890625)
100883938|Vector3D(2871.102294921875, 484.8316345214844, 2666.569580078125)|Vector3D(20458.67578125, 29.773757934570313, 2705.007080078125)|Vector3D(15482.404296875, 40939.90625, 335.3036193847656)|Vector3D(-2105.1689453125, 41394.96484375, 296.8659362792969)
100883933|Vector3D(3197.74169921875, 447.6644592285156, 2439.046142578125)|Vector3D(21071.646484375, 206.9730224609375, 2465.281982421875)|Vector3D(15615.8525390625, 41126.640625, 94.69656372070313)|Vector3D(-2258.053955078125, 41367.33203125, 68.46078491210938)
100883926|Vector3D(3369.97900390625, 658.1544799804688, 2248.18017578125)|Vector3D(21141.841796875, 559.591796875, 2266.125)|Vector3D(15378.810546875, 41499.109375, -105.82029724121094)|Vector3D(-2393.05322265625, 41597.66796875, -123.76480865478516)
100883921|Vector3D(191.12173461914063, -725.3841552734375, 6183.1953125)|Vector3D(18746.66015625, 214.5496063232422, 6141.6123046875)|Vector3D(10858.1669921875, 41072.04296875, 3772.947265625)|Vector3D(-7697.37255859375, 40132.109375, 3814.530029296875)
100883914|Vector3D(3759.3984375, 645.7857055664063, 2044.81005859375)|Vector3D(20673.806640625, 975.5197143554688, 2037.3909912109375)|Vector3D(13956.2998046875, 41891.2734375, -333.8373107910156)|Vector3D(-2958.109130859375, 41561.5390625, -326.4181823730469)
100883900|Vector3D(-212.52792358398438, -416.17510986328125, 5628.603515625)|Vector3D(17847.44921875, -340.09051513671875, 5636.64453125)|Vector3D(11712.6181640625, 40582.4765625, 3265.423583984375)|Vector3D(-6347.35791015625, 40506.390625, 3257.38232421875)
100883888|Vector3D(-304.33782958984375, -499.0167541503906, 5224.6240234375)|Vector3D(18628.298828125, -197.3140411376953, 5220.21630859375)|Vector3D(12035.1474609375, 40788.94921875, 2844.99560546875)|Vector3D(-6897.48974609375, 40487.24609375, 2849.403076171875)
100883869|Vector3D(-674.3603515625, 154.0821990966797, 4701.25244140625)|Vector3D(18673.482421875, -679.8572998046875, 4762.81787109375)|Vector3D(14363.021484375, 40241.265625, 2392.937255859375)|Vector3D(-4984.82421875, 41075.20703125, 2331.3720703125)
100883858|Vector3D(174.45057678222656, -360.08795166015625, 5778.89111328125)|Vector3D(18647.10546875, -634.7532958984375, 5807.50439453125)|Vector3D(13240.8828125, 40318.375, 3435.017822265625)|Vector3D(-5231.771484375, 40593.0390625, 3406.404541015625)
100883851|Vector3D(109.31333923339844, -427.0559387207031, 6012.6181640625)|Vector3D(19806.5859375, 234.52432250976563, 5987.921875)|Vector3D(12549.5068359375, 41170.33984375, 3615.161376953125)|Vector3D(-7147.765625, 40508.7578125, 3639.857666015625)
100883846|Vector3D(2085.21875, 263.9494323730469, 3291.865966796875)|Vector3D(20113.693359375, -591.8243408203125, 3353.784912109375)|Vector3D(15975.3291015625, 40304.40625, 985.4627075195313)|Vector3D(-2053.147216796875, 41160.18359375, 923.5435180664063)
100883818|Vector3D(-291.249755859375, -138.05223083496094, 4539.60400390625)|Vector3D(19524.630859375, -219.43006896972656, 4557.962890625)|Vector3D(13708.7099609375, 40703.29296875, 2186.95263671875)|Vector3D(-6107.17236328125, 40784.671875, 2168.593994140625)
100883813|Vector3D(1645.3397216796875, 291.1092224121094, 3673.155517578125)|Vector3D(20087.158203125, -923.9020385742188, 3756.137939453125)|Vector3D(16670.96875, 39914.4453125, 1391.6612548828125)|Vector3D(-1770.8486328125, 41129.4609375, 1308.6785888671875)
100883805|Vector3D(2682.294189453125, 552.9827270507813, 3045.6611328125)|Vector3D(22558.2265625, 147.51429748535156, 3082.80712890625)|Vector3D(17372.30078125, 41045.42578125, 713.6658935546875)|Vector3D(-2503.6298828125, 41450.89453125, 676.5198974609375)
100883804|Vector3D(-164.49349975585938, -629.1478271484375, 5436.60107421875)|Vector3D(18722.064453125, -148.51332092285156, 5421.8125)|Vector3D(11775.8076171875, 40779.1328125, 3049.738525390625)|Vector3D(-7110.74951171875, 40298.5, 3064.527099609375)
100883770|Vector3D(-285.88433837890625, 119.3559341430664, 4320.365234375)|Vector3D(19609.435546875, -585.724609375, 4374.8544921875)|Vector3D(15006.26171875, 40295.98046875, 2007.052001953125)|Vector3D(-4889.05810546875, 41001.0625, 1952.56298828125)
100966105|Vector3D(9617.4755859375, 637.427490234375, 569.8074951171875)|Vector3D(9395.3994140625, 241.3970947265625, 20912.029296875)|Vector3D(9170.5498046875, 39978.25, 21810.62109375)|Vector3D(9392.6259765625, 40374.28125, 1468.3990478515625)
100960520|Vector3D(19.602121353149414, 2039.6900634765625, 3118.0615234375)|Vector3D(-201.27627563476563, 1273.9329833984375, 23533.072265625)|Vector3D(-428.31280517578125, 39979.7109375, 25136.060546875)|Vector3D(-207.43441772460938, 40745.46875, 4721.05029296875)
100960516|Vector3D(119.02330017089844, 2255.07421875, 3100.308837890625)|Vector3D(-93.3502426147461, 327.82940673828125, 23313.716796875)|Vector3D(-345.73834228515625, 38978.86328125, 27243.595703125)|Vector3D(-133.36483764648438, 40906.109375, 7030.18798828125)
100960512|Vector3D(215.25897216796875, 2371.943359375, 3419.907470703125)|Vector3D(2.8597233295440674, 448.4965515136719, 23633.78515625)|Vector3D(-249.8803253173828, 39166.37109375, 27562.791015625)|Vector3D(-37.4810676574707, 41089.81640625, 7348.9150390625)
100960508|Vector3D(316.9335632324219, 2514.667724609375, 3233.372314453125)|Vector3D(103.9983139038086, 702.485107421875, 23441.2734375)|Vector3D(-150.17068481445313, 40018.12109375, 27206.5703125)|Vector3D(62.76457977294922, 41830.30078125, 6998.66796875)
100960504|Vector3D(416.51971435546875, 2499.031982421875, 3314.026123046875)|Vector3D(202.6487579345703, 657.8919677734375, 23621.03125)|Vector3D(-48.95134353637695, 39507.95703125, 27381.7421875)|Vector3D(164.91961669921875, 41349.09765625, 7074.736328125)
100960472|Vector3D(1224.717529296875, 2190.737548828125, 3005.044189453125)|Vector3D(1009.948486328125, 695.8289184570313, 23223.611328125)|Vector3D(760.6896362304688, 40360.94921875, 26371.927734375)|Vector3D(975.4586181640625, 41855.85546875, 6153.361328125)
100960468|Vector3D(1331.8131103515625, 1728.151611328125, 2623.74169921875)|Vector3D(1115.2471923828125, 251.2222900390625, 22996.513671875)|Vector3D(870.3441772460938, 39326.1640625, 26039.2734375)|Vector3D(1086.91015625, 40803.08984375, 5666.50048828125)
100960464|Vector3D(1427.4376220703125, 2127.3525390625, 2860.23828125)|Vector3D(1211.4097900390625, 774.0255126953125, 23123.529296875)|Vector3D(968.14892578125, 39997.2109375, 25944.552734375)|Vector3D(1184.1767578125, 41350.5390625, 5681.26318359375)
100960460|Vector3D(1532.147705078125, 1651.8704833984375, 2701.691650390625)|Vector3D(1316.149658203125, 173.94061279296875, 23023.42578125)|Vector3D(1073.0128173828125, 38950.65234375, 26052.30859375)|Vector3D(1289.0108642578125, 40428.5859375, 5730.57275390625)
100960456|Vector3D(1631.9183349609375, 1794.811767578125, 2687.787109375)|Vector3D(1416.716552734375, 279.3601989746094, 22955.69921875)|Vector3D(1166.98876953125, 39958.64453125, 26139.6015625)|Vector3D(1382.1905517578125, 41474.09765625, 5871.68896484375)
100960452|Vector3D(1732.8603515625, 1651.05712890625, 2708.304443359375)|Vector3D(1516.74951171875, 251.09559631347656, 23002.0078125)|Vector3D(1272.228759765625, 39517.62890625, 25916.07421875)|Vector3D(1488.3394775390625, 40917.58984375, 5622.369140625)
100960448|Vector3D(1831.7655029296875, 1925.6358642578125, 2708.316162109375)|Vector3D(1614.91650390625, 434.3537902832031, 23113.80859375)|Vector3D(1365.7191162109375, 40151.74609375, 26230.892578125)|Vector3D(1582.568115234375, 41643.02734375, 5825.3994140625)
100960424|Vector3D(2441.971435546875, 1410.80322265625, 2247.63232421875)|Vector3D(2222.427734375, 576.8109130859375, 22575.04296875)|Vector3D(1991.709228515625, 39641.16015625, 24336.109375)|Vector3D(2211.2529296875, 40475.15625, 4008.700439453125)
100960416|Vector3D(2644.627685546875, 1381.470458984375, 2091.921875)|Vector3D(2424.258056640625, 624.1719970703125, 22456.619140625)|Vector3D(2193.187744140625, 40042.53515625, 24075.865234375)|Vector3D(2413.557373046875, 40799.8359375, 3711.167236328125)
100960413|Vector3D(2772.68994140625, 1232.74951171875, 1931.364013671875)|Vector3D(2555.288330078125, 165.04302978515625, 22179.12109375)|Vector3D(2315.455322265625, 39868.92578125, 24453.25390625)|Vector3D(2532.85693359375, 40936.6328125, 4205.4970703125)
100960408|Vector3D(2849.859130859375, 1190.6812744140625, 1781.7999267578125)|Vector3D(2630.539306640625, 413.6471252441406, 22060.939453125)|Vector3D(2397.120849609375, 40144.6015625, 23739.8125)|Vector3D(2616.440673828125, 40921.63671875, 3460.674560546875)
100960404|Vector3D(2951.07373046875, 1074.7607421875, 1763.9111328125)|Vector3D(2732.067138671875, 244.48446655273438, 22040.7734375)|Vector3D(2497.18017578125, 40020.87890625, 23830.583984375)|Vector3D(2716.186767578125, 40851.15625, 3553.721923828125)
100960376|Vector3D(3662.230712890625, 702.9108276367188, 1182.2235107421875)|Vector3D(3444.60107421875, -358.1881103515625, 21447.41796875)|Vector3D(3204.93115234375, 39346.73828125, 23706.244140625)|Vector3D(3422.560791015625, 40407.83984375, 3441.049560546875)
100960372|Vector3D(3764.0087890625, 551.569091796875, 1130.6112060546875)|Vector3D(3545.18115234375, -277.3288269042969, 21390.556640625)|Vector3D(3310.60302734375, 39449.36328125, 23176.728515625)|Vector3D(3529.4306640625, 40278.26171875, 2916.78466796875)
100960368|Vector3D(3864.420654296875, 753.03076171875, 1029.8179931640625)|Vector3D(3645.97509765625, -171.7626190185547, 21302.15625)|Vector3D(3409.201416015625, 39563.08984375, 23283.52734375)|Vector3D(3627.64697265625, 40487.8828125, 3011.1875)
100960365|Vector3D(3992.060302734375, 611.5855712890625, 904.0433959960938)|Vector3D(3773.521484375, -297.83453369140625, 21177.27734375)|Vector3D(3537.281982421875, 39405.6015625, 23125.625)|Vector3D(3755.820556640625, 40315.0234375, 2852.39013671875)
100960360|Vector3D(4067.776611328125, 576.4219360351563, 882.8856201171875)|Vector3D(3848.9560546875, -253.91514587402344, 21142.875)|Vector3D(3614.149658203125, 39505.9765625, 22933.48046875)|Vector3D(3832.97021484375, 40336.3125, 2673.4912109375)
100960352|Vector3D(4270.21337890625, 494.57769775390625, 772.8297729492188)|Vector3D(4051.792724609375, -403.1114807128906, 21029.61328125)|Vector3D(3815.697265625, 39317.6953125, 22956.3515625)|Vector3D(4034.117919921875, 40215.38671875, 2699.566162109375)
100960333|Vector3D(4799.794921875, 702.3873291015625, 441.21759033203125)|Vector3D(4581.62060546875, -267.8323059082031, 20711.240234375)|Vector3D(4343.84765625, 39462.6875, 22785.390625)|Vector3D(4562.02197265625, 40432.90234375, 2515.368408203125)
100960328|Vector3D(4876.8154296875, 549.5298461914063, 359.4964599609375)|Vector3D(4660.51171875, -698.62548828125, 20596.21484375)|Vector3D(4416.72705078125, 38984.4375, 23239.052734375)|Vector3D(4633.03125, 40232.58984375, 3002.334228515625)
100960324|Vector3D(4977.7236328125, 359.6576843261719, 405.71820068359375)|Vector3D(4758.15380859375, -374.9139404296875, 20686.681640625)|Vector3D(4525.6728515625, 39359.41796875, 22278.865234375)|Vector3D(4745.24267578125, 40093.9921875, 1997.899658203125)
100960320|Vector3D(5079.5205078125, 342.2896728515625, 286.66485595703125)|Vector3D(4859.95166015625, -392.4148864746094, 20567.6328125)|Vector3D(4627.46728515625, 39341.9296875, 22160.083984375)|Vector3D(4847.0361328125, 40076.6328125, 1879.1177978515625)
100960316|Vector3D(5180.4599609375, 342.4982604980469, 236.77261352539063)|Vector3D(4960.958984375, -403.9249267578125, 20517.318359375)|Vector3D(4728.1181640625, 39346.19921875, 22134.37109375)|Vector3D(4947.619140625, 40092.6171875, 1853.824951171875)
100960312|Vector3D(5280.3486328125, 428.3839416503906, 240.13446044921875)|Vector3D(5061.06005859375, -353.9669494628906, 20519.044921875)|Vector3D(4827.5244140625, 39376.5625, 22208.77734375)|Vector3D(5046.81298828125, 40158.9140625, 1929.8641357421875)
100960289|Vector3D(5910.89453125, 367.8140869140625, -11.818371772766113)|Vector3D(5692.083984375, -495.6545104980469, 20263.5234375)|Vector3D(5456.66064453125, 39244.8046875, 22119.638671875)|Vector3D(5675.47119140625, 40108.2734375, 1844.2974853515625)
100960284|Vector3D(5987.7373046875, 194.3915557861328, -67.31861114501953)|Vector3D(5768.9560546875, -705.562255859375, 20223.27734375)|Vector3D(5532.8427734375, 39015.29296875, 22151.58203125)|Vector3D(5751.6240234375, 39915.25, 1860.9837646484375)
100960280|Vector3D(6088.521484375, 204.97137451171875, -108.23973846435547)|Vector3D(5868.6767578125, -514.631103515625, 20190.322265625)|Vector3D(5636.4423828125, 39237.55078125, 21751.3671875)|Vector3D(5856.287109375, 39957.15234375, 1452.8070068359375)
100960276|Vector3D(6189.09130859375, 223.92420959472656, -133.8069305419922)|Vector3D(5970.1982421875, -656.9283447265625, 20157.572265625)|Vector3D(5734.60498046875, 39048.82421875, 22046.123046875)|Vector3D(5953.498046875, 39929.6796875, 1754.7423095703125)
100960273|Vector3D(6314.44580078125, 242.4855499267578, -130.78170776367188)|Vector3D(6095.6650390625, -594.3512573242188, 20128.8203125)|Vector3D(5860.91162109375, 39131.70703125, 21931.216796875)|Vector3D(6079.6923828125, 39968.54296875, 1671.613525390625)
100960248|Vector3D(6893.92919921875, 28.881444931030273, -228.9554901123047)|Vector3D(6675.33203125, -839.1514282226563, 20029.259765625)|Vector3D(6439.7919921875, 38900.8828125, 21896.1796875)|Vector3D(6658.38916015625, 39768.9140625, 1637.9613037109375)
100960240|Vector3D(7094.97509765625, -68.59562683105469, -205.15138244628906)|Vector3D(6876.3388671875, -961.3182373046875, 20068.744140625)|Vector3D(6640.271484375, 38776.4375, 21984.609375)|Vector3D(6858.90771484375, 39669.16015625, 1710.7147216796875)
100960236|Vector3D(7195.1259765625, 208.53184509277344, -319.4176330566406)|Vector3D(6978.4658203125, -1011.8406982421875, 19936.025390625)|Vector3D(6735.20947265625, 38691.24609375, 22521.09375)|Vector3D(6951.8701171875, 39911.62109375, 2265.6513671875)
100960232|Vector3D(7294.75927734375, 188.4966583251953, -240.87098693847656)|Vector3D(7076.1025390625, -606.2403564453125, 19986.80859375)|Vector3D(6844.197265625, 38792.22265625, 21691.56640625)|Vector3D(7062.85400390625, 39586.9609375, 1463.8880615234375)
100960221|Vector3D(10125.1904296875, 118.13639831542969, 301.9305725097656)|Vector3D(9904.70703125, -426.7189025878906, 20572.703125)|Vector3D(9676.41796875, 39319.90625, 21778.47265625)|Vector3D(9896.90234375, 39864.76171875, 1507.7003173828125)
100960192|Vector3D(10793.5771484375, 546.2972412109375, 930.9716796875)|Vector3D(10575.015625, -359.1256408691406, 21204.279296875)|Vector3D(10338.767578125, 39360.984375, 23145.275390625)|Vector3D(10557.328125, 40266.41015625, 2871.96923828125)
100960188|Vector3D(10895.5712890625, 524.4053344726563, 796.2646484375)|Vector3D(10680.689453125, -952.6558837890625, 21016.234375)|Vector3D(10431.921875, 38698.60546875, 24126.7734375)|Vector3D(10646.8037109375, 40175.66796875, 3906.804931640625)
100960181|Vector3D(11120.5478515625, 644.6015625, 819.1229858398438)|Vector3D(10902.12109375, -283.4603271484375, 21091.3671875)|Vector3D(10665.373046875, 39434.66796875, 23078.583984375)|Vector3D(10883.7998046875, 40362.73046875, 2806.3408203125)
100960144|Vector3D(11992.544921875, 817.9221801757813, 1316.5074462890625)|Vector3D(11772.6396484375, 109.14187622070313, 21615.32421875)|Vector3D(11540.6455078125, 39861.77734375, 23154.28515625)|Vector3D(11760.5517578125, 40570.5546875, 2855.46728515625)
100960140|Vector3D(12094.2333984375, 1004.5984497070313, 1107.1624755859375)|Vector3D(11873.966796875, 390.0467529296875, 21392.46484375)|Vector3D(11644.1435546875, 40132.33203125, 22739.60546875)|Vector3D(11864.41015625, 40746.88671875, 2454.302490234375)
100960136|Vector3D(12197.5927734375, 597.1019897460938, 1037.776611328125)|Vector3D(11978.6435546875, -274.31842041015625, 21329.650390625)|Vector3D(11743.060546875, 39465.45703125, 23200.525390625)|Vector3D(11962.0107421875, 40336.87890625, 2908.65185546875)
100960132|Vector3D(12289.599609375, 1103.1407470703125, 1550.033935546875)|Vector3D(12071.919921875, 81.37329864501953, 21800.4765625)|Vector3D(11833.0947265625, 39790.3125, 23980.744140625)|Vector3D(12050.7744140625, 40812.08203125, 3730.301025390625)
100960098|Vector3D(13224.2744140625, 2203.152587890625, 2737.235107421875)|Vector3D(13005.224609375, 1443.7344970703125, 22983.24609375)|Vector3D(12772.0703125, 41192.48046875, 24629.4296875)|Vector3D(12991.1201171875, 41951.90234375, 4383.41796875)
100960092|Vector3D(7697.28369140625, 58.81298065185547, -264.4991149902344)|Vector3D(7477.5859375, -653.898193359375, 20017.357421875)|Vector3D(7245.4912109375, 39098.64453125, 21565.552734375)|Vector3D(7465.1884765625, 39811.35546875, 1283.6956787109375)
100960088|Vector3D(7797.36328125, 152.45068359375, -282.2760314941406)|Vector3D(7578.08203125, -599.29638671875, 19980.966796875)|Vector3D(7346.955078125, 38835.515625, 21597.279296875)|Vector3D(7566.236328125, 39587.26171875, 1334.037353515625)
100960069|Vector3D(8224.9404296875, -160.9600372314453, -211.63916015625)|Vector3D(8004.533203125, -751.2638549804688, 20074.484375)|Vector3D(7775.15185546875, 39009.08203125, 21372.66015625)|Vector3D(7995.55908203125, 39599.38671875, 1086.53466796875)
100960044|Vector3D(8800.708984375, 280.3538818359375, -294.25067138671875)|Vector3D(8582.822265625, -738.0479736328125, 19973.341796875)|Vector3D(8343.9892578125, 38987.93359375, 22145.904296875)|Vector3D(8561.8759765625, 40006.33203125, 1878.310546875)
100960420|Vector3D(2542.546630859375, 1420.639404296875, 2226.057861328125)|Vector3D(2324.44482421875, 469.3879089355469, 22480.19140625)|Vector3D(2087.268798828125, 40168.6953125, 24515.525390625)|Vector3D(2305.37060546875, 41119.9453125, 4261.39111328125)
100960500|Vector3D(525.4171752929688, 1956.47607421875, 2808.496826171875)|Vector3D(312.4999084472656, 83.86038970947266, 23044.423828125)|Vector3D(58.07292175292969, 39240.328125, 26911.23828125)|Vector3D(270.99017333984375, 41112.9453125, 6675.3115234375)
100960184|Vector3D(10994.0361328125, 695.4862670898438, 887.0043334960938)|Vector3D(10778.412109375, -662.6275024414063, 21115.986328125)|Vector3D(10532.23046875, 39005.76953125, 23983.494140625)|Vector3D(10747.8544921875, 40363.8828125, 3754.510986328125)
100966101|Vector3D(9721.291015625, 723.9262084960938, 216.71292114257813)|Vector3D(9503.9599609375, -386.4282531738281, 20478.9296875)|Vector3D(9263.1123046875, 39329.43359375, 22839.296875)|Vector3D(9480.4423828125, 40439.78515625, 2577.080322265625)
100966096|Vector3D(9799.7685546875, 366.8489990234375, 102.94964599609375)|Vector3D(9584.501953125, -1018.7376708984375, 20313.017578125)|Vector3D(9337.697265625, 38645.78125, 23239.01953125)|Vector3D(9552.9638671875, 40031.3671875, 3028.95263671875)
100966092|Vector3D(9900.2724609375, 440.6961669921875, 56.47273635864258)|Vector3D(9683.556640625, -801.2677612304688, 20327.474609375)|Vector3D(9439.953125, 38882.78515625, 22953.435546875)|Vector3D(9656.6689453125, 40124.75390625, 2682.433837890625)
100966088|Vector3D(9999.18359375, 362.0140075683594, 229.28514099121094)|Vector3D(9779.7998046875, -499.2176208496094, 20555.572265625)|Vector3D(9544.47265625, 39241.71875, 22402.732421875)|Vector3D(9763.8564453125, 40102.953125, 2076.445556640625)
100966117|Vector3D(9328.56640625, -649.3275756835938, 88.82173919677734)|Vector3D(9107.6455078125, -1182.6854248046875, 20393.615234375)|Vector3D(8879.6337890625, 38564.29296875, 21574.07421875)|Vector3D(9100.5546875, 39097.6484375, 1269.2818603515625)
100966113|Vector3D(9430.4462890625, -71.65230560302734, -329.78167724609375)|Vector3D(9212.8056640625, -1099.875732421875, 19920.275390625)|Vector3D(8973.73828125, 38624.8828125, 22114.6484375)|Vector3D(9191.37890625, 39653.10546875, 1864.590576171875)
100966108|Vector3D(9508.4521484375, -50.80976486206055, -586.197265625)|Vector3D(9290.349609375, -1001.8014526367188, 19667.927734375)|Vector3D(9053.080078125, 38714.0390625, 21703.580078125)|Vector3D(9271.18359375, 39665.03125, 1449.4532470703125)
100960525|Vector3D(8925.767578125, 229.77821350097656, -230.41773986816406)|Vector3D(8708.0791015625, -634.0286254882813, 19943.30078125)|Vector3D(8474.4169921875, 38791.48828125, 21794.2109375)|Vector3D(8692.10546875, 39655.29296875, 1620.4908447265625)
100960496|Vector3D(619.7459106445313, 2299.717041015625, 3190.010986328125)|Vector3D(406.63653564453125, 485.7902526855469, 23414.564453125)|Vector3D(153.4242401123047, 39652.578125, 27166.111328125)|Vector3D(366.5335998535156, 41466.50390625, 6941.55810546875)
100960492|Vector3D(721.4507446289063, 2198.61083984375, 3120.39013671875)|Vector3D(508.0789794921875, 338.40185546875, 23391.466796875)|Vector3D(251.30538940429688, 39910.03125, 27267.431640625)|Vector3D(464.67718505859375, 41770.2421875, 6996.35546875)
100960488|Vector3D(823.2196655273438, 2285.564208984375, 2952.666259765625)|Vector3D(609.9674682617188, 551.6453857421875, 23150.9140625)|Vector3D(355.63946533203125, 40161.48828125, 26786.251953125)|Vector3D(568.8916625976563, 41895.40625, 6588.00732421875)
100960484|Vector3D(922.3785400390625, 2253.955078125, 3079.92529296875)|Vector3D(707.9332885742188, 589.7019653320313, 23352.2265625)|Vector3D(456.91473388671875, 39948.09375, 26810.712890625)|Vector3D(671.3599853515625, 41612.34375, 6538.4111328125)
100960480|Vector3D(1020.8612060546875, 2452.838623046875, 3155.412841796875)|Vector3D(806.5060424804688, 833.291015625, 23397.6015625)|Vector3D(554.9185791015625, 40429.64453125, 26790.92578125)|Vector3D(769.2738037109375, 42049.1875, 6548.736328125)
100960476|Vector3D(1122.945556640625, 2262.619384765625, 3095.091796875)|Vector3D(908.1488037109375, 712.7821044921875, 23343.140625)|Vector3D(657.754150390625, 40369.828125, 26598.45703125)|Vector3D(872.5509643554688, 41919.66796875, 6350.408203125)
100960444|Vector3D(1930.917236328125, 1993.3402099609375, 2787.48095703125)|Vector3D(1716.10546875, 475.3817443847656, 23021.240234375)|Vector3D(1468.3492431640625, 39823.46875, 26188.8203125)|Vector3D(1683.1610107421875, 41341.42578125, 5955.06103515625)
100960440|Vector3D(2029.6923828125, 2076.202880859375, 2893.3828125)|Vector3D(1908.29296875, 1214.9588623046875, 14330.0078125)|Vector3D(1619.05517578125, 47127.19140625, 18039.630859375)|Vector3D(1740.45458984375, 47988.43359375, 6603.00634765625)
100960437|Vector3D(2158.399169921875, 1547.9078369140625, 2860.63525390625)|Vector3D(1940.0322265625, 578.5858764648438, 23147.693359375)|Vector3D(1709.8214111328125, 39051.7578125, 25152.818359375)|Vector3D(1928.1883544921875, 40021.08203125, 4865.7607421875)
100960432|Vector3D(2235.840576171875, 1683.6434326171875, 2599.094482421875)|Vector3D(2016.4208984375, 797.0465698242188, 22941.07421875)|Vector3D(1780.454345703125, 40552.296875, 24839.203125)|Vector3D(1999.8741455078125, 41438.89453125, 4497.22314453125)
100960428|Vector3D(2339.068603515625, 1557.76904296875, 2403.443603515625)|Vector3D(2120.3447265625, 679.7890625, 22678.05859375)|Vector3D(1885.0928955078125, 40336.1328125, 24559.884765625)|Vector3D(2103.81689453125, 41214.11328125, 4285.27099609375)
100960400|Vector3D(3051.581787109375, 1180.442626953125, 1701.3980712890625)|Vector3D(2833.3369140625, 253.13311767578125, 21956.748046875)|Vector3D(2598.660400390625, 39623.73046875, 23926.62109375)|Vector3D(2816.905029296875, 40551.0390625, 3671.27001953125)
100960396|Vector3D(3154.54150390625, 911.493896484375, 1600.283203125)|Vector3D(2936.114013671875, -16.435129165649414, 21872.5234375)|Vector3D(2699.369384765625, 39701.6875, 23859.46875)|Vector3D(2917.797119140625, 40629.61328125, 3587.2294921875)
100960392|Vector3D(3255.996337890625, 911.4777221679688, 1503.7381591796875)|Vector3D(3037.869140625, -35.58982467651367, 21758.1328125)|Vector3D(2800.5869140625, 39697.3046875, 23786.609375)|Vector3D(3018.714111328125, 40644.375, 3532.2158203125)
100960388|Vector3D(3352.363037109375, 1140.978515625, 1756.1937255859375)|Vector3D(3134.233642578125, 194.29786682128906, 22010.578125)|Vector3D(2897.15771484375, 39894.07421875, 24036.57421875)|Vector3D(3115.287109375, 40840.75390625, 3782.19140625)
100960384|Vector3D(3459.403564453125, 743.8191528320313, 1347.778076171875)|Vector3D(3242.66357421875, -309.9098815917969, 21528.638671875)|Vector3D(3004.9560546875, 39080.87890625, 23763.583984375)|Vector3D(3221.696044921875, 40134.60546875, 3582.72412109375)
100960380|Vector3D(3560.718505859375, 759.491943359375, 1256.2257080078125)|Vector3D(3342.840087890625, -229.04212951660156, 21508.380859375)|Vector3D(3104.745361328125, 39483.1015625, 23620.7421875)|Vector3D(3322.623779296875, 40471.63671875, 3368.5869140625)
100960356|Vector3D(4168.16064453125, 646.3521118164063, 849.1578369140625)|Vector3D(3949.36279296875, -187.59815979003906, 21108.8671875)|Vector3D(3714.67333984375, 39538.65625, 22905.365234375)|Vector3D(3933.47119140625, 40372.609375, 2645.65478515625)
100960348|Vector3D(4371.2021484375, 546.7564086914063, 692.946533203125)|Vector3D(4152.48193359375, -363.545166015625, 20983.078125)|Vector3D(3916.042724609375, 39373, 22933.302734375)|Vector3D(4134.7626953125, 40283.30078125, 2643.169921875)
100960344|Vector3D(4470.03076171875, 556.595703125, 829.8267822265625)|Vector3D(4249.83984375, -103.16342163085938, 21130.46875)|Vector3D(4018.930908203125, 39652.81640625, 22569.3828125)|Vector3D(4239.1220703125, 40312.578125, 2268.74365234375)
100960340|Vector3D(4572.4921875, 592.0989379882813, 624.5286254882813)|Vector3D(4353.373046875, -218.96852111816406, 20902.171875)|Vector3D(4119.20361328125, 39509.20703125, 22650.529296875)|Vector3D(4338.3232421875, 40320.2734375, 2372.886962890625)
100960336|Vector3D(4673.09033203125, 492.86102294921875, 654.383056640625)|Vector3D(4452.0830078125, 39.87661361694336, 20927.619140625)|Vector3D(4225.74560546875, 39807.48046875, 21946.083984375)|Vector3D(4446.75341796875, 40260.46484375, 1672.8463134765625)
100960309|Vector3D(5406.64892578125, 427.5244140625, 166.88397216796875)|Vector3D(5187.2333984375, -365.1912536621094, 20462.40625)|Vector3D(4953.48193359375, 39364.81640625, 22171.94921875)|Vector3D(5172.8974609375, 40157.53125, 1876.4281005859375)
100960305|Vector3D(5508.51123046875, 403.1518859863281, 45.30096435546875)|Vector3D(5291.52978515625, -733.794921875, 20288.94140625)|Vector3D(5049.97802734375, 38995.4140625, 22706.564453125)|Vector3D(5266.9599609375, 40132.359375, 2462.924072265625)
100960301|Vector3D(5609.27197265625, 403.9747009277344, 11.328636169433594)|Vector3D(5392.03271484375, -690.64599609375, 20257.5703125)|Vector3D(5151.60888671875, 39010.390625, 22586.697265625)|Vector3D(5368.84814453125, 40105.0078125, 2340.455078125)
100960297|Vector3D(5710.99462890625, 264.9389343261719, -41.30172348022461)|Vector3D(5492.31298828125, -588.8734130859375, 20217.650390625)|Vector3D(5257.18359375, 39135.98046875, 22054.732421875)|Vector3D(5475.86572265625, 39989.796875, 1795.7808837890625)
100960293|Vector3D(5811.2705078125, 277.96575927734375, -37.284542083740234)|Vector3D(5592.32373046875, -562.4464111328125, 20239.107421875)|Vector3D(5357.5068359375, 39163.4140625, 22047.376953125)|Vector3D(5576.45361328125, 40003.82421875, 1770.985595703125)
100960268|Vector3D(6394.275390625, 73.32921600341797, -459.3596496582031)|Vector3D(6175.46240234375, -883.8815307617188, 19862.234375)|Vector3D(5938.224609375, 38815.22265625, 21903.23828125)|Vector3D(6157.0380859375, 39772.4296875, 1581.6446533203125)
100960264|Vector3D(6491.7421875, 191.57920837402344, -252.14254760742188)|Vector3D(6274.7783203125, -948.4476318359375, 19991.396484375)|Vector3D(6033.359375, 38747.49609375, 22413.298828125)|Vector3D(6250.3232421875, 39887.5234375, 2169.760986328125)
100960260|Vector3D(6591.48486328125, 72.09228515625, -134.7142333984375)|Vector3D(6372.00390625, -677.3549194335938, 20145.53515625)|Vector3D(6139.2919921875, 39039.08984375, 21767.41015625)|Vector3D(6358.7734375, 39788.53515625, 1487.1614990234375)
100960256|Vector3D(6692.61669921875, 124.61373138427734, -227.7489471435547)|Vector3D(6473.6474609375, -712.1500854492188, 20048.921875)|Vector3D(6239.00732421875, 38997.68359375, 21848.9921875)|Vector3D(6457.97705078125, 39834.44921875, 1572.3226318359375)
100960252|Vector3D(6795.30078125, -44.2448616027832, -352.9556884765625)|Vector3D(6577.267578125, -1038.0128173828125, 19915.8359375)|Vector3D(6339.076171875, 38673.65234375, 22037.19921875)|Vector3D(6557.109375, 39667.421875, 1768.4075927734375)
100960244|Vector3D(6989.4697265625, 372.3201599121094, 42.533653259277344)|Vector3D(6771.19580078125, -612.4335327148438, 20328.6953125)|Vector3D(6533.1220703125, 39116.67578125, 22430.857421875)|Vector3D(6751.3955078125, 40101.4296875, 2144.69482421875)
100960228|Vector3D(7397.10302734375, -34.67110061645508, -308.5580749511719)|Vector3D(7179.47705078125, -1065.3297119140625, 19941.37890625)|Vector3D(6940.2568359375, 38675.74609375, 22141.64453125)|Vector3D(7157.8828125, 39706.40625, 1891.7080078125)
100960224|Vector3D(7490.2607421875, 631.75146484375, 20.614273071289063)|Vector3D(7274.1328125, -675.0078735351563, 20270.125)|Vector3D(7028.99267578125, 39016.84375, 23031.62890625)|Vector3D(7245.12060546875, 40323.60546875, 2782.117919921875)
100960216|Vector3D(10194.34375, 718.9007568359375, 564.1189575195313)|Vector3D(9972.0302734375, 331.7604064941406, 20923.556640625)|Vector3D(9747.4775390625, 40052.60546875, 21803.029296875)|Vector3D(9969.791015625, 40439.74609375, 1443.5914306640625)
100960212|Vector3D(10298.1787109375, 378.2197265625, 418.7770690917969)|Vector3D(10076.7099609375, -26.500965118408203, 20710.173828125)|Vector3D(9851.6435546875, 39710.20703125, 21628.517578125)|Vector3D(10073.1123046875, 40114.92578125, 1337.120849609375)
100960208|Vector3D(10393.0400390625, 354.6626892089844, 932.0000610351563)|Vector3D(10173.9599609375, -463.3174743652344, 21209.462890625)|Vector3D(9939.6376953125, 39264.53515625, 22971.935546875)|Vector3D(10158.716796875, 40082.515625, 2694.472412109375)
100960204|Vector3D(10494.1826171875, -142.01136779785156, 1107.547119140625)|Vector3D(10277.333984375, -1331.711181640625, 21364.9765625)|Vector3D(10034.849609375, 38358.58984375, 23886.349609375)|Vector3D(10251.697265625, 39548.2890625, 3628.919677734375)
100960200|Vector3D(10583.38671875, 837.1876220703125, 1641.8526611328125)|Vector3D(10364.638671875, -36.82503128051758, 21916.736328125)|Vector3D(10129.0810546875, 39686.23046875, 23793.60546875)|Vector3D(10347.8291015625, 40560.2421875, 3518.72265625)
100960197|Vector3D(10710.48828125, 958.4397583007813, 1436.0020751953125)|Vector3D(10494.8486328125, -396.97528076171875, 21665.09765625)|Vector3D(10248.7265625, 39271.6328125, 24527.08984375)|Vector3D(10464.3662109375, 40627.04296875, 4297.99462890625)
100960176|Vector3D(11195.97265625, 611.3768310546875, 823.3934326171875)|Vector3D(10977.7626953125, -321.76239013671875, 21078.533203125)|Vector3D(10740.884765625, 39395.98046875, 23077.705078125)|Vector3D(10959.095703125, 40329.1171875, 2822.56640625)
100960172|Vector3D(11296.2109375, 633.7174072265625, 826.2523193359375)|Vector3D(11078.2451171875, -402.2471923828125, 21109.6875)|Vector3D(10839.146484375, 39305.20703125, 23315.4375)|Vector3D(11057.1123046875, 40341.16796875, 3032.003173828125)
100960168|Vector3D(11396.9814453125, 563.023193359375, 826.5181884765625)|Vector3D(11178.994140625, -438.5669860839844, 21094.962890625)|Vector3D(10940.6298828125, 39272.45703125, 23232.296875)|Vector3D(11158.6171875, 40274.046875, 2963.8515625)
100960165|Vector3D(11521.501953125, 601.0158081054688, 895.6666870117188)|Vector3D(11302.306640625, -165.5828399658203, 21158.388671875)|Vector3D(11069.103515625, 39566.26953125, 22817.263671875)|Vector3D(11288.298828125, 40332.86328125, 2554.54150390625)
100960160|Vector3D(11595.755859375, 688.7805786132813, 946.86279296875)|Vector3D(11377.701171875, -270.4457702636719, 21200.65625)|Vector3D(11140.25, 39444.77734375, 23253.130859375)|Vector3D(11358.3046875, 40404.00390625, 2999.33984375)
100960156|Vector3D(11697.119140625, 491.57232666015625, 955.4131469726563)|Vector3D(11477.36328125, -146.9452362060547, 21206.111328125)|Vector3D(11246.6962890625, 39643.5703125, 22606.10546875)|Vector3D(11466.4521484375, 40282.0859375, 2355.408203125)
100960152|Vector3D(11792.0498046875, 932.6871337890625, 1234.2972412109375)|Vector3D(11573.7001953125, -101.89498138427734, 21551.802734375)|Vector3D(11334.568359375, 39622.66796875, 23752.142578125)|Vector3D(11552.91796875, 40657.25, 3434.63623046875)
100960128|Vector3D(12396.556640625, 744.5241088867188, 1130.3560791015625)|Vector3D(12178.638671875, -268.71484375, 21398.181640625)|Vector3D(11940.1181640625, 39424.60546875, 23558.396484375)|Vector3D(12158.0361328125, 40437.84375, 3290.5712890625)
100960124|Vector3D(12488.662109375, 1032.9619140625, 1740.4742431640625)|Vector3D(12269.76171875, 184.51309204101563, 22016.52734375)|Vector3D(12034.767578125, 39909.7421875, 23841.205078125)|Vector3D(12253.6669921875, 40758.19140625, 3565.152099609375)
100960120|Vector3D(12595.91796875, 764.8229370117188, 1249.15869140625)|Vector3D(12377.869140625, -195.1129608154297, 21502.77734375)|Vector3D(12140.2060546875, 39552.8671875, 23558.41796875)|Vector3D(12358.2548828125, 40512.8046875, 3304.79638671875)
100960116|Vector3D(12694.3359375, 758.8369140625, 1431.0333251953125)|Vector3D(12477.263671875, -455.1370849609375, 21720.759765625)|Vector3D(12234.19140625, 39248.93359375, 24288.634765625)|Vector3D(12451.2646484375, 40462.90625, 3998.90869140625)
100960112|Vector3D(12792.3017578125, 992.9357299804688, 1536.1796875)|Vector3D(12574.3779296875, 12.023887634277344, 21788.6875)|Vector3D(12336.0546875, 39791.015625, 23888.96875)|Vector3D(12553.978515625, 40771.92578125, 3636.4609375)
100960108|Vector3D(12886.7841796875, 1120.622802734375, 2009.482666015625)|Vector3D(12667.849609375, 215.22726440429688, 22316.728515625)|Vector3D(12431.6337890625, 39935.625, 24254.59375)|Vector3D(12650.568359375, 40841.015625, 3947.34912109375)
100960104|Vector3D(12988.27734375, 1286.159423828125, 1828.24072265625)|Vector3D(12769.0537109375, 429.6515197753906, 22137.705078125)|Vector3D(12534.5009765625, 40054.8515625, 23971.33203125)|Vector3D(12753.7255859375, 40911.36328125, 3661.866943359375)
100960101|Vector3D(13105.28125, 1451.878173828125, 2516.62353515625)|Vector3D(12886.310546875, 583.7901611328125, 22808.78515625)|Vector3D(12654.2333984375, 39744.8125, 24645.6875)|Vector3D(12873.2041015625, 40612.8984375, 4353.525390625)
100960148|Vector3D(11897.072265625, 618.5042724609375, 968.1903076171875)|Vector3D(11677.1044921875, -79.70419311523438, 21267.46484375)|Vector3D(11445.4404296875, 39657.22265625, 22784.21875)|Vector3D(11665.4091796875, 40355.4296875, 2484.943603515625)
100960084|Vector3D(7596.9833984375, 65.94757080078125, -276.2298583984375)|Vector3D(7376.91845703125, -583.6121215820313, 20007.9921875)|Vector3D(7148.33544921875, 38808.98828125, 21414.1953125)|Vector3D(7368.40087890625, 39458.55078125, 1129.97314453125)
100960081|Vector3D(7923.7734375, 68.26744079589844, -324.5703430175781)|Vector3D(7705.04248046875, -808.8048706054688, 19950.2109375)|Vector3D(7469.51513671875, 38897.515625, 21832.54296875)|Vector3D(7688.24560546875, 39774.5859375, 1557.761962890625)
100960076|Vector3D(7999.37060546875, -11.812776565551758, -312.9079895019531)|Vector3D(7780.3515625, -808.490234375, 19948.587890625)|Vector3D(7546.38623046875, 38937.6484375, 21669.640625)|Vector3D(7765.4052734375, 39734.32421875, 1408.1455078125)
100960073|Vector3D(8124.7333984375, 127.51713562011719, -369.9005432128906)|Vector3D(7907.89306640625, -1063.346435546875, 19887.37109375)|Vector3D(7665.28271484375, 38643.1875, 22412.169921875)|Vector3D(7882.123046875, 39834.05078125, 2154.899169921875)
100960065|Vector3D(8325.7763671875, -176.36590576171875, -244.482421875)|Vector3D(8104.22119140625, -532.9661254882813, 20031.0859375)|Vector3D(7880.22021484375, 39205.640625, 20851.828125)|Vector3D(8101.77490234375, 39562.23828125, 576.2598876953125)
100960061|Vector3D(8426.3037109375, -147.21620178222656, -271.2233581542969)|Vector3D(8205.9619140625, -749.1776733398438, 20014.66796875)|Vector3D(7976.41650390625, 38994.2109375, 21336.10546875)|Vector3D(8196.7578125, 39596.16796875, 1050.212158203125)
100960057|Vector3D(8526.765625, -59.23933029174805, -320.8470764160156)|Vector3D(8306.8212890625, -825.4136962890625, 20009.578125)|Vector3D(8073.78173828125, 38890.07421875, 21661.69140625)|Vector3D(8293.7255859375, 39656.24609375, 1331.2666015625)
100960053|Vector3D(8626.537109375, -30.38901138305664, -278.8948059082031)|Vector3D(8407.525390625, -828.1382446289063, 19982.4375)|Vector3D(8173.83056640625, 38868.02734375, 21703.529296875)|Vector3D(8392.841796875, 39665.7734375, 1442.1959228515625)
100960049|Vector3D(8726.9296875, 119.28184509277344, -352.5249938964844)|Vector3D(8509.7373046875, -1013.8997802734375, 19908.439453125)|Vector3D(8268.48828125, 38683.0703125, 22314.427734375)|Vector3D(8485.6806640625, 39816.25, 2053.462890625)
100960041|Vector3D(9026.9638671875, 179.99072265625, -279.09857177734375)|Vector3D(8808.81640625, -825.8917846679688, 20005.953125)|Vector3D(8570.3779296875, 38884.59375, 22150.337890625)|Vector3D(8788.525390625, 39890.47265625, 1865.2874755859375)
100960037|Vector3D(9126.6923828125, 102.43853759765625, -180.93910217285156)|Vector3D(8910.6875, -1254.56640625, 20082.07421875)|Vector3D(8664.578125, 38414.375, 22942.69921875)|Vector3D(8880.5830078125, 39771.3828125, 2679.685302734375)
100960033|Vector3D(9227.4599609375, 63.31581115722656, -195.94493103027344)|Vector3D(9008.7041015625, -840.8593139648438, 20094.392578125)|Vector3D(8772.4990234375, 38879.50390625, 22031.3046875)|Vector3D(8991.25390625, 39783.6796875, 1740.96826171875)
